254,254,254,254,254,254,254,254,254,254,254,254,254,254,254,254,253,252,251,251,250,248,244,240,237,234,231,226,221,215,209,204,197,191,184,176,168,162,155,150,144,141,137,134,133,130,127,126,125,124,124,124,124,123,124,124,124,125,125,126,127,128,130,132,134,135,136,138,141,146,150,154,158,160,164,168,172,176,180,186,193,196,201,206,211,215,220,224,229,233,237,238,240,242,246,248,250,252,254,254,254,254,254,254,254,254,254,254,254,254,254,254,254,254,254,254
254,254,254,254,254,254,254,254,254,254,254,254,254,254,253,252,251,250,250,248,245,241,237,234,230,226,220,213,207,201,195,188,181,173,164,156,150,144,138,134,130,126,122,119,117,114,112,111,111,109,109,109,109,109,110,111,111,111,112,114,116,118,120,121,122,124,126,127,129,131,133,137,141,144,147,150,153,157,163,170,176,182,189,195,201,205,210,214,220,225,232,236,239,241,243,246,249,251,253,254,254,254,254,254,254,254,254,254,254,254,254,254,254,254,254,254
254,254,254,254,254,254,254,254,254,254,254,254,254,253,252,251,249,248,247,244,240,236,232,228,223,216,209,200,193,187,179,172,164,156,149,143,137,132,126,121,116,112,107,104,101,100,99,98,98,97,96,96,97,98,98,99,100,100,101,102,105,107,108,109,110,112,114,116,118,120,121,124,129,132,133,135,138,142,147,153,161,168,176,183,190,196,201,205,212,217,224,231,236,238,241,244,248,250,251,253,254,254,254,254,254,254,254,254,254,254,254,254,254,254,254,254
254,254,254,254,254,254,254,254,254,254,254,253,252,251,250,249,248,246,244,240,236,232,226,219,211,204,195,187,180,172,165,157,149,142,134,128,122,116,110,105,101,98,95,93,91,90,89,88,87,85,84,84,85,85,84,85,86,87,89,90,92,94,96,97,99,101,103,105,109,111,112,114,119,122,124,126,128,131,134,139,146,154,163,171,180,186,192,197,204,209,215,222,230,235,238,242,247,249,250,251,253,254,254,254,254,254,254,254,254,254,254,254,254,254,254,254
254,254,254,254,254,254,254,254,254,254,253,252,251,249,248,247,246,243,239,235,230,224,215,206,197,189,180,173,165,158,150,142,135,126,117,111,105,102,98,95,91,88,85,84,82,79,77,75,73,71,70,70,71,71,70,69,70,71,74,76,79,81,83,84,87,89,92,95,99,101,103,106,109,112,115,117,120,122,124,128,134,141,150,159,168,176,183,188,194,200,207,214,221,228,234,239,244,247,249,249,251,252,254,254,254,254,254,254,254,254,254,254,254,254,254,254
254,254,254,254,254,254,254,254,254,253,252,250,249,248,247,245,242,238,233,228,221,212,202,192,183,176,168,161,153,144,135,127,119,111,103,98,94,91,89,86,83,79,76,74,71,67,64,61,60,59,58,58,59,60,59,59,58,59,61,63,66,68,70,71,74,76,80,84,88,91,95,98,102,105,108,110,114,116,118,121,127,132,139,148,157,166,174,179,184,190,197,205,213,221,229,235,241,245,248,248,250,251,253,254,254,254,254,254,254,254,254,254,254,254,254,254
254,254,254,254,254,254,254,254,253,252,250,248,247,246,244,241,236,232,226,218,209,199,189,180,171,163,155,147,138,129,120,113,105,99,93,89,85,82,78,75,72,69,65,62,59,56,53,51,50,50,49,49,50,51,51,51,52,52,53,53,55,56,58,60,62,64,67,71,75,78,83,88,94,98,101,104,106,108,112,116,121,125,130,137,146,155,163,168,174,179,186,194,203,212,221,228,236,241,245,247,249,250,252,254,254,254,254,254,254,254,254,254,254,254,254,254
254,254,254,254,254,254,254,254,251,249,247,247,246,244,240,236,230,225,216,206,195,186,178,169,158,150,140,131,123,116,108,100,94,89,85,81,77,73,70,67,63,59,54,51,48,46,45,44,42,42,42,42,43,44,45,45,46,47,48,48,48,48,49,51,53,54,57,59,62,65,69,73,81,87,93,97,99,102,106,110,115,119,124,129,136,144,152,159,164,169,175,183,192,202,211,219,230,236,241,245,247,248,250,253,254,254,254,254,254,254,254,254,254,254,254,254
254,254,254,254,254,254,253,251,249,247,246,245,242,239,234,228,221,210,200,191,182,173,164,155,144,134,124,117,109,103,96,90,85,80,75,70,66,62,58,55,52,49,45,42,40,39,38,38,38,38,38,38,39,39,39,40,42,42,43,43,43,43,44,45,46,47,49,52,54,56,59,61,66,72,79,85,90,95,99,101,107,112,117,121,126,133,142,149,154,159,164,170,178,187,198,207,217,226,235,240,243,246,248,250,252,253,253,253,254,254,254,254,254,254,254,254
254,254,254,254,254,253,252,250,248,246,244,242,237,232,225,218,207,197,186,178,169,159,149,139,128,120,111,105,98,92,86,80,75,70,64,58,54,50,47,44,42,40,38,37,36,35,34,35,34,34,34,35,35,35,35,36,37,38,39,39,40,40,41,42,42,43,45,46,48,50,52,53,56,60,66,72,78,83,88,90,95,100,106,111,116,122,131,139,145,150,154,159,166,175,185,195,206,215,226,232,237,241,244,247,251,253,254,253,254,254,254,254,254,254,254,254
254,254,254,254,253,252,250,248,246,245,242,238,231,225,215,204,193,183,173,164,154,144,134,124,115,107,100,95,89,84,78,71,64,59,53,48,44,42,40,39,37,36,35,35,34,34,33,33,33,32,32,33,33,32,33,33,34,34,35,36,37,38,38,38,39,40,41,42,43,45,46,47,49,51,55,61,66,71,76,79,84,89,94,100,106,112,119,125,133,138,144,148,155,163,173,183,194,204,215,224,232,237,241,244,248,251,253,254,254,254,254,254,254,254,254,254
254,254,254,253,252,251,249,247,245,242,238,231,223,215,202,189,178,169,158,148,138,129,120,111,103,97,91,86,79,73,66,60,54,49,44,40,38,36,35,34,35,34,34,33,33,33,32,32,31,31,30,31,30,30,30,31,31,32,32,33,34,34,35,35,36,37,38,39,40,41,43,43,45,46,48,53,57,60,63,66,70,76,82,89,96,102,108,112,119,125,131,137,144,151,161,171,182,193,205,216,226,233,237,240,245,248,252,254,254,254,254,254,254,254,254,254
254,253,253,252,251,250,248,245,243,237,231,224,213,201,187,176,166,156,144,134,123,115,107,99,92,87,81,75,68,62,55,50,45,42,38,36,34,34,34,33,33,33,33,32,32,31,31,31,30,29,29,29,29,28,28,29,29,30,31,31,31,32,32,33,33,34,35,36,37,38,39,40,41,41,42,45,48,49,52,55,58,63,69,77,85,92,97,103,108,113,118,125,132,139,147,156,169,180,194,205,216,227,233,238,242,246,250,253,254,254,254,254,254,254,254,254
253,252,252,251,250,248,245,243,239,232,224,214,201,188,176,166,155,145,133,123,113,105,97,90,83,77,70,64,57,52,46,43,39,36,34,33,33,32,32,32,32,32,32,32,31,31,30,30,30,29,29,29,29,29,28,29,29,29,30,30,30,30,31,31,31,32,33,34,35,36,37,37,39,40,41,41,42,43,44,47,50,53,58,65,74,83,89,94,99,103,108,113,121,127,135,142,154,166,181,193,205,217,227,234,239,243,247,251,253,254,254,254,254,254,254,254
252,251,251,250,248,245,243,240,233,225,215,201,188,178,167,156,145,134,123,112,103,95,88,82,74,67,60,54,48,43,39,36,35,33,32,32,32,32,31,31,31,31,31,31,31,31,30,31,30,30,29,30,30,29,29,29,29,30,30,30,31,31,31,31,31,31,32,33,33,34,35,35,36,37,38,39,39,39,39,41,43,45,49,55,63,72,79,84,89,93,98,103,109,115,123,129,137,149,165,179,192,205,217,227,235,240,244,249,252,253,254,254,254,254,254,254
251,250,249,248,246,243,240,236,226,216,203,189,177,168,158,148,135,123,113,103,94,87,79,72,64,57,50,45,41,38,35,33,32,32,32,32,31,31,31,31,31,31,31,32,32,31,31,31,31,31,31,31,31,30,30,30,30,31,31,31,31,32,32,32,31,31,32,32,33,33,34,34,34,34,35,35,36,36,36,37,37,39,42,45,51,59,68,74,80,85,90,94,99,105,112,119,127,135,150,166,180,193,207,219,230,236,241,247,250,252,253,253,254,254,254,254
250,249,249,247,244,242,236,228,218,206,190,178,168,160,149,138,125,114,102,93,85,77,70,62,54,48,43,39,36,34,32,32,32,32,31,31,31,31,31,30,31,32,31,32,32,32,32,32,32,32,32,32,32,31,31,31,31,32,32,32,32,32,32,32,32,32,32,32,32,32,32,33,32,32,32,32,33,33,34,34,35,35,36,39,42,47,54,61,69,75,81,85,90,96,102,109,117,125,136,150,166,180,195,209,222,231,238,245,248,250,252,253,254,254,254,254
250,250,248,246,242,239,232,222,210,195,180,169,160,150,139,128,115,104,94,85,77,70,61,53,47,42,37,35,33,32,32,32,32,32,31,31,31,31,31,31,32,33,33,33,33,33,33,33,33,33,33,33,33,33,32,32,32,32,33,33,33,33,33,33,33,33,33,33,33,32,33,33,32,31,31,30,30,31,32,33,33,34,34,36,38,40,45,50,57,65,73,78,84,89,94,100,108,115,124,136,150,166,182,196,212,225,234,242,247,249,251,252,253,254,254,254
249,249,246,243,239,233,225,214,200,182,169,160,150,140,128,116,104,94,84,76,67,59,51,44,39,36,34,33,32,32,32,32,31,31,32,31,31,32,32,31,32,34,34,34,34,34,35,34,34,34,34,34,34,34,33,33,33,33,33,34,34,35,35,35,34,34,34,34,34,34,34,34,33,32,31,31,30,29,30,31,32,32,32,34,35,36,38,42,47,55,64,71,77,82,87,92,98,105,112,120,133,147,165,181,198,214,228,238,244,247,249,251,253,253,254,254
248,247,244,241,235,228,219,206,190,172,161,152,141,130,117,106,94,84,75,67,58,51,44,40,35,34,33,32,31,32,32,32,31,32,32,32,32,32,32,32,33,35,35,35,35,35,36,35,35,35,35,35,35,35,35,34,35,35,35,35,36,36,37,36,36,36,36,35,35,35,35,35,35,34,33,33,31,31,30,30,31,31,31,31,32,33,35,38,41,47,55,62,69,75,81,86,91,98,105,110,120,131,149,167,184,201,219,233,241,245,248,250,252,253,253,254
247,245,242,237,230,223,212,198,181,164,154,143,131,119,106,96,84,75,66,58,49,43,39,35,33,32,32,32,32,32,33,33,33,33,33,33,34,34,34,34,35,36,36,36,36,37,37,37,36,36,36,37,37,37,36,36,37,37,37,38,38,39,39,38,38,38,38,37,37,37,37,37,36,36,36,35,34,33,32,32,30,30,30,30,30,30,31,33,36,40,46,53,61,68,74,79,85,91,97,103,111,119,134,152,170,187,207,224,235,241,246,249,251,252,252,253
246,243,239,233,225,217,206,189,171,155,145,134,120,108,95,85,75,67,57,49,43,38,35,32,31,31,31,32,32,33,34,34,34,34,35,35,36,36,36,35,36,37,37,37,37,38,38,38,38,37,38,38,38,39,39,39,39,39,40,40,41,41,42,41,40,40,40,40,39,39,39,38,38,38,38,37,37,36,34,33,32,31,29,29,29,29,29,30,32,35,40,46,53,61,68,74,80,85,90,97,103,109,121,136,155,174,195,214,228,237,243,247,249,251,251,252
245,240,235,228,220,211,197,178,160,145,134,122,109,97,84,74,66,58,49,43,38,34,32,31,30,30,31,32,33,34,35,35,36,36,37,37,38,38,38,37,38,38,39,39,39,40,40,40,40,40,40,41,42,42,42,42,43,43,43,43,44,45,45,45,44,43,43,43,43,42,42,41,41,40,40,40,39,38,37,36,35,33,31,30,29,28,28,28,29,32,35,39,46,53,61,68,74,79,85,90,96,102,111,123,140,159,181,202,219,230,238,244,248,250,251,251
243,237,231,223,214,203,187,168,150,136,123,111,99,87,75,68,57,50,43,37,34,32,31,30,30,30,31,33,34,35,36,37,37,38,39,39,40,40,40,40,40,40,41,41,41,42,42,42,43,42,43,45,45,46,46,46,46,47,47,47,48,49,49,48,47,47,46,46,46,45,45,44,44,43,43,42,42,41,40,39,37,36,34,32,30,29,28,28,28,29,31,34,39,45,53,60,68,74,79,84,91,97,105,114,128,146,167,188,208,222,233,240,246,249,250,251
241,235,228,218,208,195,176,157,140,125,113,101,88,78,68,58,49,43,37,33,31,30,30,29,30,31,32,34,35,36,37,39,40,40,41,41,41,42,42,42,42,43,44,44,44,44,45,46,46,46,47,48,49,50,50,50,51,51,52,53,53,53,53,52,52,51,50,50,50,50,49,48,48,47,46,45,44,44,43,42,40,38,37,35,32,30,28,28,27,27,29,31,34,40,46,53,60,67,74,79,85,91,99,109,121,135,155,174,195,213,226,235,243,247,249,250
239,233,224,213,200,185,165,147,130,116,102,91,80,70,60,51,43,38,33,30,29,29,29,30,31,32,33,35,36,38,40,41,42,42,43,43,43,44,44,44,44,45,46,46,47,48,49,50,50,50,51,52,54,55,56,56,56,56,57,57,58,58,58,58,57,56,55,55,55,55,54,54,52,51,50,48,47,46,45,44,43,41,39,37,35,32,30,28,27,26,27,29,31,35,41,47,54,60,68,75,81,86,94,103,115,127,144,164,184,204,219,231,240,245,248,250
237,230,220,207,191,174,155,137,121,106,93,81,71,62,52,44,37,33,30,29,28,28,28,30,32,33,35,38,39,41,43,44,44,45,45,45,46,46,47,47,48,49,50,50,52,53,54,55,55,56,57,58,59,61,62,62,62,62,63,63,64,64,64,64,64,63,62,61,61,61,60,59,58,56,54,53,51,50,48,47,46,44,42,40,38,35,32,30,28,27,27,28,29,31,36,41,47,54,61,69,76,82,89,97,108,119,134,152,172,192,211,225,235,242,247,250
235,227,214,199,181,164,146,129,113,97,85,74,64,55,45,39,34,30,28,27,27,27,29,31,33,35,38,41,43,45,46,47,47,48,49,49,50,51,51,52,53,54,55,56,58,60,61,61,62,63,63,64,66,67,68,69,69,69,70,70,70,71,72,72,71,71,70,69,69,68,67,66,64,62,60,57,55,54,52,51,49,48,46,44,41,39,35,33,30,28,26,26,27,29,33,37,41,49,56,63,70,77,84,91,100,111,125,141,161,179,200,217,229,237,244,248
231,222,208,190,171,153,136,119,103,87,76,67,56,47,39,34,31,28,26,25,26,28,30,33,35,38,42,45,47,49,50,51,51,52,54,54,55,56,57,57,59,60,62,63,65,66,67,68,69,69,70,71,72,73,75,75,76,76,77,77,78,79,79,79,78,78,78,77,76,76,74,72,70,68,65,62,60,58,56,54,52,51,48,46,44,41,38,35,32,29,27,26,26,28,30,33,37,43,50,56,63,70,78,87,94,103,115,132,150,166,187,208,222,232,240,247
229,218,201,182,162,144,126,110,94,79,69,60,50,41,34,31,28,26,24,25,27,29,32,35,39,42,46,49,51,52,54,55,56,57,58,59,60,62,63,64,65,67,69,70,71,73,74,74,76,76,77,78,79,80,81,81,82,83,84,84,85,86,86,86,85,85,85,85,84,83,81,79,76,74,70,67,64,62,59,57,55,53,51,48,46,43,40,37,34,31,28,27,26,27,28,30,34,38,45,51,57,63,72,82,91,98,108,125,142,157,176,198,215,227,238,245
226,212,193,173,154,136,117,101,87,73,63,54,44,37,32,29,25,25,24,25,28,31,35,39,43,47,50,53,55,56,58,59,61,61,63,64,66,68,69,71,72,74,75,77,78,80,81,81,82,83,84,85,85,86,87,88,89,89,90,91,92,93,93,92,92,92,92,92,91,90,88,86,83,80,76,72,69,66,63,60,58,56,53,51,49,46,43,40,36,33,29,28,26,26,28,29,31,34,40,46,52,58,65,74,86,93,102,118,134,149,166,188,207,222,234,242
222,206,185,166,147,128,110,95,80,67,58,48,39,33,29,26,24,24,24,26,30,34,38,43,48,51,54,57,58,60,62,63,64,65,67,69,71,73,75,76,78,79,81,82,84,85,86,87,87,88,89,90,91,92,93,94,95,95,96,97,98,98,98,98,98,98,98,98,97,96,94,91,89,86,81,77,74,71,67,64,61,59,56,53,51,48,44,41,38,34,31,29,27,26,26,27,30,32,35,41,48,54,59,67,80,90,98,111,128,145,160,179,200,216,230,240
215,198,177,158,140,122,103,87,73,63,53,42,34,30,27,24,23,24,25,28,32,37,42,47,51,54,57,60,62,64,65,66,68,70,72,74,76,78,80,82,84,85,87,88,89,90,92,92,93,94,95,96,97,98,99,100,101,101,102,103,104,104,105,104,104,104,104,103,103,102,99,97,94,91,87,83,79,75,71,68,65,62,58,56,53,50,47,44,40,36,32,30,28,26,25,26,27,29,32,37,44,50,55,60,72,86,96,108,121,137,156,170,189,208,226,237
209,191,171,152,133,114,95,80,68,57,46,37,31,28,26,24,23,24,26,30,35,40,46,50,55,57,61,63,65,66,68,69,72,74,77,79,81,83,85,87,89,91,92,93,94,96,97,97,98,99,100,101,102,103,104,104,106,106,107,108,109,109,109,109,108,109,109,108,108,106,104,101,97,94,90,86,82,78,74,71,69,65,62,59,56,53,50,47,42,38,34,31,28,26,25,24,25,26,29,34,40,46,52,57,65,80,93,105,116,129,148,163,181,201,220,234
203,184,165,145,125,105,87,72,63,52,41,32,29,27,25,24,23,25,28,33,39,45,50,54,58,61,64,66,67,69,71,73,76,79,81,83,85,88,91,93,95,97,99,100,101,102,102,103,104,105,105,106,107,108,109,109,110,111,112,112,113,113,114,113,113,114,113,113,112,111,108,105,101,98,94,90,85,81,77,75,72,69,65,62,59,56,52,49,44,40,35,32,29,27,25,24,23,23,25,30,36,42,49,54,61,73,90,102,111,122,139,156,173,193,214,229
198,180,161,140,118,97,80,67,58,47,36,30,27,26,24,24,24,26,30,36,43,49,53,57,60,63,66,68,69,71,74,77,79,82,84,86,89,93,96,98,101,103,105,106,106,107,108,108,109,109,110,111,111,112,113,113,114,114,115,115,116,116,116,116,116,117,117,116,115,114,111,108,103,100,96,92,88,84,80,77,74,71,67,64,61,58,54,51,47,42,36,32,29,27,25,24,23,22,23,26,31,37,46,52,57,68,85,99,109,118,133,149,166,186,207,225
192,175,155,132,110,90,72,61,52,41,32,27,26,25,24,24,24,28,34,41,48,53,57,60,63,66,68,70,72,74,77,80,82,85,87,90,94,98,102,104,106,109,111,112,112,113,113,114,114,114,115,115,115,116,116,117,116,117,118,119,119,119,119,119,119,119,119,118,118,116,113,110,105,102,97,93,89,86,82,79,76,73,69,66,63,60,56,53,49,44,38,33,30,27,25,24,22,21,21,23,27,32,40,48,55,63,80,95,106,114,127,144,160,177,199,218
188,171,150,125,102,83,66,56,47,36,29,26,25,24,24,24,25,30,37,45,52,57,60,63,66,68,70,72,74,76,79,82,84,86,90,94,98,102,106,108,111,113,115,116,116,117,118,118,118,119,119,120,119,119,119,119,119,120,120,121,122,122,121,121,120,120,120,119,118,116,113,110,106,102,97,93,90,86,83,80,77,74,71,68,65,62,58,55,51,46,40,35,31,28,25,23,22,20,20,21,24,28,36,45,52,61,75,91,102,111,123,139,156,173,194,214
185,166,145,119,95,76,61,52,41,32,27,25,24,23,24,24,28,34,42,49,55,59,62,65,68,69,72,74,76,78,80,83,85,88,92,97,101,105,109,112,115,117,119,120,120,121,122,122,123,123,123,123,123,123,122,122,122,122,123,123,124,124,123,123,122,122,121,120,118,116,112,110,106,102,97,93,90,86,83,81,78,75,72,70,67,64,60,57,52,48,42,37,32,29,26,23,21,20,19,20,22,25,32,41,49,58,71,86,98,108,120,134,150,168,189,210
183,162,138,111,88,71,57,47,37,29,25,23,23,23,24,26,30,37,45,52,57,61,64,67,69,71,73,76,77,79,81,83,87,90,95,100,104,107,111,115,119,121,123,124,124,125,125,126,126,126,126,126,126,126,126,125,124,124,124,125,125,125,125,125,124,123,122,120,119,116,112,110,106,102,97,93,90,87,83,81,79,76,73,71,68,65,62,59,54,50,44,38,33,30,26,24,21,20,19,19,20,23,29,37,47,55,68,82,94,105,116,128,145,163,183,204
179,158,132,105,81,66,54,43,33,27,24,22,23,23,25,28,33,41,49,55,59,63,66,68,71,73,76,77,79,81,83,86,89,93,98,103,106,109,114,118,121,124,126,128,129,129,130,129,130,129,129,129,129,129,128,128,127,126,126,126,126,127,127,126,126,125,124,122,120,117,113,110,106,102,97,93,90,87,84,82,80,78,75,72,69,67,63,61,56,52,46,40,35,30,27,24,21,20,18,18,19,21,26,33,43,52,65,79,90,101,112,124,140,157,178,200
175,153,127,100,77,62,50,39,30,25,23,22,23,24,26,30,36,44,51,56,61,64,67,70,73,75,77,80,81,83,86,88,92,96,101,105,108,111,116,120,124,126,129,131,132,132,132,132,132,131,131,131,131,131,130,130,129,128,128,128,128,128,128,128,128,127,125,123,121,118,114,111,107,103,98,94,91,88,85,83,81,78,76,73,71,68,65,62,58,53,47,42,36,31,28,25,21,20,18,17,18,19,23,31,40,49,62,76,86,97,109,121,137,153,173,195
168,148,122,95,72,58,46,35,27,23,21,22,23,24,28,32,39,46,53,58,62,66,69,72,75,77,80,82,84,86,88,91,95,99,103,107,110,114,119,123,127,129,132,134,135,135,135,134,134,134,133,133,133,133,132,132,131,130,130,129,129,129,129,129,129,128,127,125,123,120,116,113,108,105,99,95,92,88,86,84,82,80,77,75,72,70,67,64,59,55,49,43,38,33,28,25,22,20,18,17,16,17,21,27,37,46,58,72,82,93,105,118,134,149,168,191
163,144,118,91,69,54,42,31,25,22,21,21,23,25,30,35,41,48,54,59,63,67,70,73,76,79,81,84,86,88,91,95,98,102,106,109,112,117,121,126,129,132,135,137,137,137,137,137,136,136,135,135,135,134,134,133,133,132,132,131,130,130,131,131,130,130,128,126,124,122,118,115,110,106,101,97,93,90,86,85,83,81,78,76,74,71,68,65,61,56,50,45,39,34,29,26,23,20,18,16,16,16,19,24,34,43,55,67,79,90,102,116,131,147,164,187
159,139,114,87,65,50,37,28,24,21,21,21,23,27,32,36,43,49,55,60,64,68,71,74,78,80,84,87,89,92,95,98,101,104,108,111,115,120,125,129,132,135,138,139,139,139,139,139,139,138,138,138,137,137,136,135,135,134,134,133,132,132,133,133,132,131,129,127,125,123,119,116,111,108,103,99,95,91,88,86,84,81,79,77,75,72,69,66,62,57,52,46,40,35,30,27,23,21,18,17,16,16,17,22,31,40,52,64,75,86,99,112,128,145,162,184
155,134,107,81,61,47,35,26,22,21,21,22,25,28,33,38,44,50,56,61,65,69,72,76,79,82,85,89,92,95,98,101,104,107,111,114,119,123,128,132,136,138,140,141,141,141,141,140,140,140,140,140,139,139,138,138,137,136,136,135,134,135,134,134,133,133,131,128,126,124,120,117,113,109,104,100,96,92,89,87,85,83,80,78,76,73,70,67,63,58,53,47,41,36,31,27,24,21,18,17,16,16,16,20,27,37,48,60,70,82,94,108,125,143,160,181
152,129,103,78,58,45,33,25,21,21,21,23,26,29,34,39,45,50,56,61,66,70,74,77,81,83,87,91,94,98,101,104,107,110,115,119,124,128,133,136,139,142,143,143,142,142,142,142,141,141,141,141,140,140,140,139,139,139,138,137,137,137,136,135,135,135,134,131,129,127,123,119,115,111,106,102,98,94,91,89,86,84,81,79,77,75,72,69,64,59,54,49,43,37,32,28,25,22,19,17,16,16,16,18,24,34,46,57,66,77,89,103,121,139,158,177
148,126,100,76,55,42,31,24,21,21,22,24,26,30,35,39,46,51,57,62,67,71,75,78,82,85,89,93,97,100,103,107,110,114,118,123,127,131,135,139,143,145,146,146,145,144,144,143,143,143,143,143,142,142,141,141,142,141,141,140,140,139,138,137,137,137,136,134,132,129,125,122,117,114,109,104,100,96,92,90,87,85,82,80,78,76,73,70,65,60,55,50,44,38,33,29,25,22,18,17,16,16,16,17,22,30,43,54,62,71,82,98,117,136,155,174
144,122,98,73,54,41,30,25,21,21,22,24,27,31,35,40,46,52,58,63,68,72,76,80,83,86,91,95,98,102,106,109,113,117,122,127,131,135,139,143,147,148,149,148,147,147,147,146,146,146,145,145,144,143,143,143,144,143,143,143,142,142,141,140,139,139,138,137,134,131,128,124,119,116,110,106,102,98,94,91,89,86,83,81,79,76,73,71,66,62,56,51,44,39,33,29,25,22,19,17,16,15,16,17,20,28,40,52,59,67,78,93,114,135,153,172
141,119,95,71,52,39,29,24,22,22,22,24,28,31,36,40,47,52,59,64,69,73,77,81,84,87,92,96,100,104,108,111,115,119,125,130,134,138,143,146,149,151,151,150,149,149,148,148,148,147,146,146,145,144,145,145,146,145,145,144,144,143,142,142,141,140,139,138,136,133,129,126,121,117,112,107,103,99,95,92,89,87,84,82,80,77,74,72,68,63,58,52,45,39,34,29,26,22,19,17,15,15,15,16,19,26,38,49,57,65,76,91,111,132,152,172
138,117,93,69,50,37,29,23,22,22,23,25,28,32,37,41,47,53,60,66,71,74,78,81,85,88,93,98,102,106,110,113,117,121,127,131,136,140,144,148,151,152,153,152,151,151,151,151,150,149,148,147,146,146,146,147,148,147,147,146,146,145,144,143,143,142,141,139,137,135,130,126,122,118,113,109,104,100,96,93,90,88,85,83,81,78,75,73,69,65,59,54,47,41,35,29,26,23,19,17,15,14,15,16,18,24,36,46,54,63,74,89,109,130,150,169
136,116,92,68,49,36,28,23,22,22,23,26,29,33,37,42,48,54,61,67,72,75,79,82,86,89,94,99,103,107,111,114,119,123,128,132,136,140,144,148,151,152,153,152,152,152,152,152,151,150,149,149,148,147,148,149,149,149,148,148,147,146,145,144,143,142,141,139,137,134,129,125,121,118,113,109,105,100,96,93,90,88,85,83,81,79,76,74,70,66,61,55,48,42,36,30,26,23,19,17,15,14,15,16,18,23,34,44,52,61,74,89,108,128,147,166
134,114,90,69,49,36,28,24,22,22,24,27,30,33,37,42,49,55,63,69,73,77,80,83,86,89,94,99,103,106,110,114,119,123,127,130,134,138,143,147,149,151,151,151,151,151,151,151,151,151,150,150,148,148,148,149,149,149,148,148,147,146,145,143,142,140,139,136,134,131,126,122,118,115,111,107,103,98,94,91,89,87,85,83,81,79,76,74,71,67,62,56,50,44,37,31,27,23,19,17,16,15,15,16,18,23,32,42,50,59,73,89,108,126,145,163
133,112,89,69,49,36,28,24,22,23,25,27,30,34,38,43,50,57,64,70,75,78,81,83,86,88,93,98,101,105,109,112,117,120,124,127,131,135,139,143,146,147,148,148,148,149,149,150,150,150,150,150,148,148,148,148,148,148,147,147,146,145,143,141,139,137,134,132,129,126,121,117,112,110,106,102,98,94,90,88,86,84,82,81,80,79,77,75,72,68,63,58,52,46,39,33,28,24,20,18,16,15,15,16,18,23,31,40,48,58,73,87,107,126,144,162
132,112,89,69,50,36,29,24,22,23,25,28,31,34,39,44,51,58,67,72,76,79,80,82,84,87,90,94,98,100,104,107,111,114,117,120,123,127,131,134,137,138,140,141,143,144,145,146,147,147,148,148,148,147,147,147,146,146,145,144,143,141,138,135,132,129,125,122,119,115,111,107,102,100,96,93,90,87,83,81,80,79,78,77,77,77,76,75,72,69,65,60,54,48,42,35,29,25,21,18,16,15,14,16,19,24,32,39,47,58,73,87,105,124,144,163
133,113,90,69,50,37,30,24,22,24,26,29,31,35,40,45,53,60,68,74,77,79,80,81,83,85,88,91,93,95,97,100,102,105,108,110,113,116,120,124,126,128,131,133,136,138,140,141,143,144,145,146,146,145,145,145,144,143,142,141,139,137,133,129,124,120,115,111,108,104,100,95,91,89,86,84,82,79,77,75,74,73,73,73,74,75,75,74,73,70,66,61,56,51,44,37,31,26,21,19,17,15,14,15,19,25,32,39,46,58,73,86,103,123,144,162
133,112,89,70,51,37,30,25,23,24,26,29,31,35,41,46,54,62,71,76,78,79,79,79,80,82,84,86,87,88,90,91,93,95,97,100,102,105,108,110,114,116,120,123,127,130,133,135,138,139,141,142,143,143,142,142,141,140,138,136,133,130,125,120,115,110,104,100,97,93,89,85,81,79,77,75,74,72,70,69,68,68,69,69,70,71,72,73,72,70,67,63,58,53,47,40,33,27,22,19,17,16,15,15,19,25,31,38,46,58,73,86,103,122,144,164
134,113,91,71,51,38,30,25,23,25,26,29,32,35,41,48,56,64,72,76,78,78,78,77,78,79,80,81,82,83,84,84,85,87,88,90,92,94,97,99,103,106,110,114,118,123,127,130,133,135,137,138,139,140,139,139,138,136,134,131,128,124,118,113,107,102,96,92,89,85,81,78,75,73,71,69,68,67,66,65,64,65,66,67,68,69,70,71,71,69,67,64,59,54,48,42,34,29,23,20,18,16,15,16,19,25,31,38,47,59,74,87,104,123,144,164
136,115,93,72,52,39,31,25,24,25,27,29,32,36,43,49,58,67,74,77,78,77,76,75,76,76,77,77,77,77,78,79,80,80,81,82,83,84,86,88,91,94,99,103,108,113,119,122,127,129,132,133,135,135,135,135,134,132,129,125,121,117,111,104,99,94,89,85,82,79,76,73,70,68,66,64,64,63,63,62,62,63,63,64,66,67,69,70,70,69,67,64,60,56,50,44,37,30,24,20,18,16,16,16,19,25,32,39,48,60,75,88,104,123,146,165
137,117,96,76,55,40,32,26,24,25,27,29,33,37,45,51,60,69,75,77,77,76,75,74,74,74,74,73,73,74,74,75,75,75,75,75,76,77,79,80,83,87,91,95,100,105,111,115,120,123,127,129,130,131,132,132,131,128,125,120,115,111,104,98,93,89,84,81,78,76,73,71,68,66,64,63,62,62,62,62,61,62,62,62,64,65,67,68,69,68,67,65,62,58,52,46,38,32,25,21,18,16,16,16,19,25,32,40,49,62,76,89,106,125,147,166
139,119,99,78,58,42,33,27,25,25,27,29,33,38,46,53,62,70,75,77,77,76,76,75,74,73,72,71,72,72,72,72,72,72,72,72,72,72,74,75,77,80,85,89,93,97,103,107,112,117,121,124,126,128,129,129,128,125,120,115,110,105,98,93,88,84,80,76,74,72,70,68,67,66,65,64,64,63,62,62,62,62,61,61,62,63,65,66,68,68,67,66,63,59,54,48,40,33,26,21,18,16,16,16,20,25,32,41,50,64,78,91,108,126,149,167
141,122,101,80,59,43,34,28,25,25,27,30,34,40,48,55,64,72,77,78,78,78,77,77,76,74,72,72,72,72,72,72,72,72,72,71,71,70,71,71,72,75,79,83,86,90,95,100,106,111,117,120,122,125,126,126,124,121,116,110,104,99,93,87,83,79,75,73,71,70,69,69,68,68,67,67,66,66,65,65,64,64,62,61,61,62,64,65,67,67,67,66,64,61,56,49,42,34,27,21,17,16,16,16,20,25,33,41,51,66,80,94,109,127,151,169
143,124,104,83,62,45,37,31,26,26,27,31,36,42,51,58,67,74,79,81,81,81,80,79,77,75,73,73,73,74,74,74,74,74,72,71,70,69,68,68,69,71,74,77,80,83,88,93,99,105,111,116,120,123,124,124,122,118,112,105,99,93,87,82,78,76,73,72,71,71,71,71,70,70,71,71,71,70,69,68,66,65,64,63,62,62,63,64,65,66,67,67,65,63,58,51,44,36,28,21,17,16,16,16,20,25,33,42,54,69,84,98,111,130,153,172
145,127,107,86,64,48,39,32,27,26,28,32,37,44,53,60,70,77,82,83,84,84,82,79,77,75,74,74,76,76,77,77,77,76,75,73,71,69,68,67,68,69,70,72,74,77,82,86,93,100,107,113,118,122,124,124,120,116,109,101,94,87,81,76,74,73,72,72,72,72,72,72,72,72,73,75,74,73,71,70,69,68,66,65,64,63,62,63,64,66,67,67,66,64,60,53,45,38,29,22,17,16,16,17,21,25,33,44,57,73,88,102,116,133,155,173
147,131,111,89,68,50,40,33,29,27,28,32,38,46,54,63,72,78,83,85,85,84,82,79,77,76,75,76,78,78,79,80,80,80,78,76,73,71,68,66,66,65,66,67,69,71,76,81,88,95,103,111,118,124,126,126,122,116,107,99,90,82,76,73,71,71,71,71,71,71,71,71,72,72,74,75,76,75,73,71,69,68,67,66,66,65,64,64,64,65,67,67,67,65,61,55,47,40,30,23,18,16,16,18,21,25,32,45,61,76,93,106,120,136,157,173
150,134,114,93,71,53,42,34,30,28,29,33,40,47,56,65,74,80,85,87,87,85,83,80,77,76,76,77,78,78,79,80,80,79,78,76,73,70,68,65,64,63,62,63,65,68,72,77,84,92,100,109,118,125,129,129,125,118,109,98,88,80,73,69,68,68,68,68,67,68,68,68,68,69,71,72,73,72,71,70,68,67,66,66,66,66,66,66,66,67,68,68,68,67,63,57,50,42,32,24,19,17,17,19,23,26,33,46,64,81,96,109,122,138,159,176
153,136,116,96,74,55,44,37,32,29,30,35,42,50,59,67,76,83,88,89,88,86,82,79,77,76,76,76,76,76,76,77,77,76,74,72,70,67,65,63,61,60,59,59,61,64,69,73,80,88,98,108,118,127,131,132,128,121,110,98,87,78,71,66,64,64,63,62,61,61,61,61,62,63,63,64,65,65,64,64,63,64,64,64,65,66,67,68,68,68,69,70,70,69,65,60,53,45,34,26,20,18,18,21,24,28,35,49,68,84,99,112,124,141,161,178
156,138,118,97,76,58,46,39,32,29,31,36,43,53,62,70,79,86,90,90,88,85,82,79,77,76,75,73,72,71,70,70,69,67,64,62,61,59,58,58,57,57,57,57,58,61,66,71,78,87,97,108,118,127,133,133,129,122,111,99,87,76,68,63,60,59,57,56,55,54,54,54,54,55,55,54,54,54,55,55,56,57,58,60,62,64,66,68,70,71,71,72,72,71,68,64,57,47,36,27,21,19,20,22,25,29,38,52,69,85,100,114,126,142,162,180
159,141,120,99,77,59,47,39,32,29,31,37,45,54,64,74,83,89,92,92,89,85,82,79,76,73,70,67,64,64,63,63,61,57,53,51,50,49,49,50,52,52,52,53,54,56,61,66,74,83,95,107,118,128,135,136,132,125,114,100,86,74,65,59,56,54,52,51,50,50,49,49,47,45,43,42,41,41,44,46,48,50,52,54,57,60,64,67,71,72,74,74,75,75,73,68,60,51,39,29,23,20,21,23,27,30,39,53,70,86,101,116,128,144,164,182
162,146,124,100,78,60,48,38,32,29,31,37,46,56,66,75,84,90,94,93,90,87,82,79,75,71,65,60,57,56,56,55,52,48,43,40,40,40,41,43,46,47,47,48,50,54,58,63,71,81,93,106,119,130,137,139,135,128,116,101,86,73,63,56,53,51,48,46,46,47,46,45,41,37,34,34,33,34,38,40,43,45,47,49,52,56,60,65,70,73,75,76,78,79,77,73,65,55,42,31,24,22,22,24,28,32,41,54,71,87,103,117,130,146,166,184
165,150,128,103,80,63,50,41,34,29,31,38,48,59,69,77,85,92,96,94,92,88,83,79,73,68,62,57,54,52,51,49,45,41,36,34,34,35,37,40,43,44,45,47,50,54,59,64,72,81,93,106,120,132,139,141,138,131,119,104,88,75,63,56,53,50,45,42,43,45,46,44,38,34,31,31,31,33,37,40,44,46,46,47,50,54,59,63,70,74,77,78,80,82,81,77,69,59,46,34,26,23,24,26,30,35,42,56,72,89,106,120,133,149,169,187
168,153,130,106,84,67,53,44,36,31,32,39,50,62,72,81,88,95,98,97,94,88,83,78,71,67,62,57,54,52,50,48,46,42,37,34,34,37,40,43,44,45,46,47,51,56,62,67,75,83,95,107,122,134,141,143,140,133,121,106,90,76,65,59,54,50,44,41,42,45,47,46,41,36,33,34,33,35,40,45,47,48,48,48,51,54,59,63,70,75,79,80,82,84,83,79,72,62,48,36,28,25,26,29,33,38,44,58,74,92,109,123,137,152,171,188
172,156,132,107,88,71,58,48,39,33,34,42,54,66,76,85,93,99,101,98,93,88,82,78,73,69,64,60,58,57,55,53,51,48,42,39,40,43,47,49,49,50,51,52,55,60,67,72,79,87,96,109,123,136,143,145,141,135,123,108,94,81,70,63,58,53,49,46,46,48,50,53,48,42,38,37,38,41,47,53,56,55,53,52,54,57,62,66,72,77,81,83,84,86,87,83,76,65,51,39,30,27,29,32,35,39,46,59,77,96,113,127,140,156,176,191
173,158,135,110,91,75,63,53,43,36,37,46,58,70,80,89,96,103,104,100,95,90,85,81,76,73,69,67,66,65,62,59,57,54,49,47,47,50,53,54,54,55,57,59,63,67,73,77,82,89,98,111,125,137,144,145,143,136,125,111,97,84,73,67,63,59,55,53,53,54,55,57,56,52,48,47,48,51,56,60,61,60,59,59,61,63,67,70,76,80,85,86,87,88,89,85,78,68,54,41,33,29,31,34,37,41,47,60,78,98,115,130,144,161,180,194
176,160,137,113,94,79,67,56,45,39,40,49,62,74,85,94,101,107,107,102,98,93,88,84,80,77,74,72,72,71,69,67,64,61,57,56,56,58,59,60,61,62,64,67,70,74,79,81,85,91,100,113,128,141,147,148,145,138,127,114,100,87,77,72,68,65,61,59,58,57,59,60,61,59,57,57,58,60,62,64,65,65,65,66,68,70,73,76,80,84,88,90,90,91,91,88,82,71,58,45,36,32,33,36,38,42,48,60,79,99,118,133,148,165,183,196
179,162,140,117,97,82,70,58,48,42,43,53,65,77,88,98,105,112,111,106,101,97,94,90,86,84,80,78,76,74,72,70,68,67,65,64,63,64,64,65,67,68,70,72,75,79,83,85,88,94,102,114,131,144,151,151,147,140,130,117,103,91,82,76,73,70,67,64,62,60,61,62,63,63,63,64,65,66,67,68,68,68,69,71,74,77,80,82,85,88,92,93,94,94,94,91,85,74,61,48,38,34,35,38,41,44,49,62,80,101,121,136,152,169,186,198
182,165,143,121,101,85,73,62,51,45,47,57,69,81,92,101,109,116,115,110,106,102,100,97,94,92,88,84,80,78,76,75,74,74,73,71,69,69,69,70,72,73,75,76,80,85,88,90,93,97,105,117,133,146,153,154,150,143,132,118,105,95,87,81,78,76,74,71,69,67,66,66,66,66,67,68,69,71,72,73,73,75,77,79,82,85,86,88,89,92,96,97,97,97,97,94,87,77,63,51,41,36,37,40,44,47,52,65,85,106,126,140,155,172,188,201
185,168,146,125,105,88,75,66,54,48,51,62,73,83,94,103,111,118,118,114,110,107,105,103,101,98,94,90,85,82,81,80,80,79,77,75,74,73,74,75,76,78,81,83,87,91,93,95,97,100,108,120,135,147,155,157,153,145,132,118,106,97,91,85,83,82,81,79,77,75,74,73,72,72,73,73,74,76,78,80,81,83,85,87,89,91,93,94,94,97,100,100,100,99,99,96,89,79,66,53,44,39,39,42,46,50,56,69,89,110,129,143,158,175,190,202
189,172,149,128,108,90,78,68,57,52,55,67,78,86,96,104,112,118,120,118,115,112,110,109,107,104,101,97,94,91,88,86,85,85,84,82,81,81,81,82,84,87,91,94,96,98,98,99,101,104,111,123,136,148,157,160,156,147,134,120,107,100,95,91,90,89,89,88,87,86,85,84,82,82,82,82,83,85,87,89,91,92,93,95,97,99,100,100,100,103,104,103,103,102,100,97,91,82,69,56,47,42,41,44,49,54,60,72,92,113,131,146,161,178,192,203
193,175,152,130,111,93,80,71,60,55,59,71,81,89,98,106,112,118,121,120,119,117,115,114,112,110,107,105,103,100,96,94,94,94,94,93,91,91,91,93,94,97,101,104,105,104,103,102,104,108,115,125,138,149,158,162,157,149,137,122,110,102,97,95,94,95,96,96,96,96,95,94,93,93,92,93,95,96,98,100,101,102,103,103,104,105,106,106,106,107,107,106,105,104,102,98,92,84,72,59,49,44,44,46,52,58,63,75,96,115,133,148,164,181,195,205
198,178,153,132,111,95,84,74,64,60,64,74,85,93,101,108,113,119,122,123,123,121,120,120,118,117,115,113,111,108,106,105,105,106,106,105,103,102,102,103,104,108,111,112,111,109,107,105,107,111,118,127,138,150,159,162,158,150,138,123,111,103,99,97,98,99,101,102,103,104,104,103,102,102,103,104,106,108,109,110,111,111,111,111,112,112,112,112,112,111,109,109,107,105,103,100,95,87,74,62,53,48,47,49,55,60,65,78,98,116,134,150,167,184,198,207
200,182,157,135,114,98,87,77,68,63,67,77,88,95,102,109,114,120,124,126,126,125,124,124,124,124,123,121,120,118,117,116,116,116,116,115,113,112,112,112,114,116,118,118,116,112,108,107,108,113,119,127,138,151,160,164,160,152,139,125,112,104,101,100,101,102,104,106,109,111,111,110,110,111,111,112,114,115,117,118,119,119,119,119,119,119,118,117,115,114,112,110,107,106,104,101,97,89,77,65,56,52,51,53,58,63,69,82,100,118,137,155,171,186,200,209
202,185,161,139,118,103,91,81,73,67,71,81,91,98,103,109,114,121,125,128,129,129,128,129,129,130,130,129,128,127,126,126,124,124,124,123,122,121,121,121,122,123,123,122,118,114,110,108,111,115,121,128,138,151,161,166,163,154,142,128,116,107,104,103,104,104,106,110,114,117,117,118,117,117,117,118,119,120,122,124,125,126,126,125,124,123,122,120,118,117,114,111,108,106,104,102,98,91,79,68,59,55,55,57,61,66,74,86,103,120,140,159,174,189,201,209
204,189,166,143,123,108,96,86,78,71,76,85,94,100,103,109,114,121,125,128,131,131,131,132,133,134,135,134,134,133,132,131,130,128,128,127,127,126,127,127,128,128,126,123,119,114,111,110,113,117,122,129,140,152,162,167,165,157,144,131,119,111,106,105,105,105,106,111,116,120,121,123,122,121,121,121,122,123,125,127,129,130,130,129,128,126,123,121,119,118,115,111,108,105,104,101,97,91,80,70,62,58,58,60,64,70,78,89,107,126,145,162,178,191,202,209
206,192,171,148,129,114,101,91,83,77,81,90,97,101,104,109,114,121,126,128,131,132,132,134,137,138,139,140,140,139,138,137,135,134,132,132,132,133,133,133,133,131,129,125,119,114,111,111,113,117,123,131,142,154,163,168,166,158,146,133,122,113,107,105,106,105,106,110,116,121,124,127,127,126,126,126,126,127,129,130,131,132,133,133,131,129,125,123,121,118,114,110,107,105,103,101,97,91,82,71,64,61,61,64,68,75,83,94,113,133,151,167,182,194,202,209
209,196,175,153,134,119,106,96,87,82,86,93,99,102,105,109,114,121,126,128,130,132,133,135,138,141,143,145,145,145,144,143,141,139,137,137,138,139,139,138,137,134,130,125,119,114,111,111,113,117,123,132,143,154,164,169,167,160,148,135,124,115,108,105,105,105,106,109,114,120,125,128,129,130,130,130,130,130,131,132,133,134,135,135,133,130,127,125,121,117,112,109,107,105,103,100,96,91,82,72,66,63,65,67,71,79,88,100,119,139,157,173,187,196,203,210
211,199,180,159,140,124,111,101,92,86,89,95,100,103,105,108,114,121,126,127,129,131,133,136,139,141,145,147,148,149,149,148,146,144,143,144,144,144,144,142,139,135,130,124,117,113,111,111,113,118,125,134,145,155,164,170,168,161,150,138,126,117,109,105,104,104,106,109,113,118,124,128,131,132,134,134,134,134,134,134,135,136,136,135,133,130,127,124,120,115,111,108,105,103,101,99,94,90,82,73,68,67,68,71,74,81,93,107,125,145,163,179,191,198,205,212
213,202,184,165,146,129,117,106,96,89,91,96,101,103,106,108,114,120,125,126,128,130,133,135,138,140,145,148,150,151,151,150,150,148,148,148,149,148,146,144,141,135,129,123,116,112,110,110,113,119,127,135,146,156,164,170,169,163,151,138,127,117,109,104,103,103,105,108,113,118,123,127,131,133,135,136,136,137,136,136,136,136,136,134,132,129,125,123,117,113,109,107,104,102,100,98,93,89,82,75,71,70,71,74,76,85,98,111,131,150,168,183,192,200,206,213
215,206,191,172,152,135,122,111,100,92,92,97,102,104,105,109,114,120,124,125,127,129,132,135,137,139,143,147,150,152,153,154,153,152,152,152,152,150,147,144,140,134,127,121,115,110,110,111,114,121,129,136,146,156,165,171,171,164,152,138,126,116,108,104,101,100,102,107,113,117,122,126,129,133,136,137,138,138,138,137,137,136,134,133,130,127,122,119,114,110,106,104,102,101,99,96,92,88,83,77,72,72,75,77,80,88,102,118,138,156,172,185,194,200,206,212
217,210,196,178,159,141,127,115,103,95,94,97,102,104,106,109,114,119,122,123,125,128,131,132,134,137,141,145,148,150,152,154,153,153,152,152,152,151,147,143,137,131,125,120,114,110,110,112,117,123,130,137,146,156,164,169,169,163,152,137,124,115,108,103,100,99,99,103,110,116,121,125,129,131,134,136,137,138,138,137,136,135,132,130,127,123,118,115,111,107,104,102,100,99,97,95,92,88,82,78,75,75,78,79,83,93,107,124,145,163,176,187,195,201,207,213
217,212,200,184,165,147,131,119,108,98,96,98,102,104,106,109,114,118,120,122,124,126,129,130,132,134,138,142,146,149,151,154,153,153,152,152,151,148,144,140,134,129,123,118,113,110,111,115,120,125,131,137,145,153,160,164,164,159,148,135,122,113,107,102,99,98,97,99,104,112,119,124,128,131,133,135,136,137,136,136,135,133,131,127,123,119,115,112,108,105,102,100,99,97,96,94,91,87,83,79,78,78,81,83,87,99,114,131,151,169,181,191,197,202,208,214
218,214,203,189,170,152,136,123,113,102,98,100,102,105,107,109,113,118,119,120,122,124,126,129,131,132,136,140,143,146,148,150,151,151,150,150,148,144,140,135,132,126,120,116,112,110,112,116,120,124,128,133,140,147,153,156,155,151,142,130,119,111,105,100,98,96,95,96,100,106,114,119,125,129,133,135,136,136,135,133,131,129,127,124,121,117,112,109,106,103,100,99,98,96,94,93,91,87,84,81,79,80,83,85,91,104,120,136,155,172,184,194,199,204,210,215
219,215,206,193,176,157,141,129,118,108,103,103,104,105,107,109,112,116,118,119,120,121,123,126,129,131,134,138,141,143,146,147,148,148,147,146,144,141,136,132,127,123,118,114,110,110,112,115,116,119,122,126,132,138,142,145,145,141,134,123,114,107,102,97,94,93,91,92,95,101,108,114,120,124,128,131,132,133,131,130,127,125,122,120,118,114,110,107,104,101,99,98,96,94,93,92,91,87,84,82,81,81,84,88,96,108,124,139,159,174,186,195,200,206,212,217
220,216,208,198,181,163,146,133,123,114,108,106,106,106,107,108,111,114,116,118,119,119,120,122,125,128,131,135,138,141,144,145,146,145,144,142,139,136,132,129,124,119,115,112,109,108,110,110,111,111,113,117,122,126,130,134,134,131,125,116,108,101,96,92,89,88,86,87,90,95,103,110,116,120,123,125,126,127,127,126,125,122,120,117,115,111,107,105,102,99,97,96,95,93,92,92,90,87,85,84,83,83,88,92,100,111,127,144,164,178,188,195,201,207,213,219
222,218,211,202,187,169,151,138,128,119,113,110,108,107,107,107,109,112,114,116,117,118,119,119,122,124,127,131,135,137,140,141,141,140,139,136,134,132,128,124,120,116,111,108,105,104,103,102,101,100,100,104,109,113,117,120,121,119,114,107,99,92,87,84,83,82,81,82,85,91,98,105,111,115,119,121,123,124,124,123,122,120,116,113,111,108,105,103,99,97,96,95,93,92,91,90,89,87,85,85,85,87,92,97,104,114,131,150,168,181,190,197,203,209,215,221
222,219,214,205,192,175,157,143,133,124,117,113,110,108,107,107,108,111,113,114,116,116,117,118,120,122,124,127,130,133,135,136,136,135,134,132,130,128,124,120,116,112,107,104,101,99,96,93,90,88,88,91,96,100,105,109,110,108,104,96,89,83,78,75,77,77,78,79,82,87,94,100,106,110,115,117,119,121,121,120,118,116,113,110,107,105,102,100,98,96,95,94,92,90,90,90,88,86,86,86,87,91,96,101,108,118,135,155,171,183,192,199,205,211,216,222
224,220,216,209,196,181,164,150,138,129,121,117,114,110,107,107,107,109,111,112,114,115,116,117,119,119,121,123,126,129,131,133,133,133,132,130,128,125,120,116,112,109,105,100,96,92,88,84,80,77,77,80,86,91,95,98,98,96,91,85,79,73,69,69,70,73,75,77,80,84,91,96,101,106,111,114,115,116,116,116,114,112,110,107,105,102,100,97,96,94,93,92,90,89,89,89,88,86,86,87,89,94,100,105,111,121,140,159,175,186,195,201,207,212,218,223
226,222,217,211,200,186,171,158,146,136,127,121,117,111,108,107,106,108,110,111,112,113,113,114,116,118,120,122,125,127,129,131,131,131,129,127,125,122,118,114,109,106,101,97,91,85,80,75,71,69,69,73,79,83,87,89,88,85,81,75,70,65,63,63,66,70,74,77,80,83,89,93,98,102,106,109,111,112,113,112,111,110,108,105,103,101,98,96,94,92,91,90,89,89,88,88,88,86,86,88,91,97,103,109,115,127,147,164,180,190,198,203,208,214,219,225
227,223,219,213,203,191,177,165,154,143,134,127,120,113,108,106,106,107,109,110,111,111,111,112,113,115,117,119,121,123,125,126,127,127,126,124,121,119,115,112,108,104,99,94,87,81,75,70,65,64,65,69,73,77,80,81,80,77,72,67,64,61,60,61,65,70,75,79,82,84,88,92,96,99,102,105,107,108,108,107,107,105,103,101,99,97,95,93,91,89,88,88,88,88,87,87,87,86,87,91,95,100,108,115,122,136,155,170,185,193,200,205,210,215,221,226
228,224,220,215,206,195,182,171,161,150,139,132,124,115,109,106,105,106,108,109,109,110,110,109,110,111,113,115,117,118,120,121,122,122,122,121,119,117,113,111,107,103,98,93,87,80,74,69,65,64,65,67,71,73,75,76,74,71,67,64,61,59,60,62,67,72,78,82,84,86,89,92,94,96,99,101,103,103,103,103,102,101,99,97,96,94,92,91,89,88,87,87,87,87,87,86,87,87,90,97,102,108,115,122,131,146,162,176,188,196,202,206,211,217,223,228
229,226,221,217,210,200,187,176,167,156,145,136,128,119,111,107,105,106,107,107,108,108,108,108,108,109,110,112,113,115,116,117,118,119,119,118,116,114,112,110,107,103,98,93,88,82,76,71,68,67,66,68,70,72,72,71,69,67,65,63,62,61,62,65,70,74,80,84,87,89,91,92,93,93,95,97,99,100,100,100,99,98,96,95,94,92,90,89,87,87,86,86,86,86,86,86,87,89,94,104,111,116,122,129,141,154,168,181,192,198,204,208,213,220,226,230
231,228,223,219,213,204,192,180,172,162,151,140,132,123,114,108,106,106,105,105,106,107,107,107,107,107,108,109,111,112,113,114,115,116,116,115,114,113,111,110,107,103,99,94,90,84,78,73,70,68,67,68,70,71,70,69,68,67,66,65,65,64,66,69,72,76,80,85,89,91,92,93,93,92,93,94,95,97,97,97,96,96,95,93,92,91,89,87,86,85,85,84,85,85,86,86,88,90,99,111,118,122,128,137,150,161,173,186,195,201,206,211,216,222,228,232
232,230,225,221,215,207,197,186,177,169,157,146,137,127,117,110,108,106,105,105,105,105,105,105,106,106,106,107,108,109,110,111,112,113,113,112,111,111,110,109,106,103,99,95,91,85,80,76,72,70,69,70,71,71,70,69,69,69,69,69,69,68,69,71,74,76,80,85,89,91,92,93,93,92,91,91,92,93,93,94,93,93,92,91,90,89,87,86,85,84,84,84,84,85,86,87,88,92,103,117,125,130,138,147,158,168,179,191,199,203,208,213,220,225,231,234
233,231,226,222,218,211,202,192,184,176,164,152,140,129,120,114,110,108,106,105,104,104,104,104,104,104,105,105,106,107,109,109,110,110,111,110,109,109,108,107,105,102,99,95,91,87,82,78,75,73,72,72,72,72,71,71,71,71,72,72,73,72,72,73,74,77,80,84,88,90,91,92,92,91,90,89,90,91,91,90,90,90,90,89,88,87,86,85,84,84,83,83,83,84,86,87,89,95,108,122,131,137,146,155,166,176,186,196,202,205,209,215,223,228,232,235
235,233,228,223,219,214,206,198,190,180,169,159,147,134,125,119,114,111,107,105,104,103,103,103,103,103,104,104,105,106,107,107,108,108,108,107,107,107,106,104,102,101,98,94,91,87,83,80,78,76,75,75,74,73,72,73,74,75,75,76,77,76,75,74,75,76,79,83,86,88,89,89,89,89,87,86,87,87,88,88,88,88,88,87,87,86,85,84,83,83,82,82,82,84,86,88,93,102,115,128,137,145,154,163,173,182,192,200,205,208,212,219,226,230,233,235
235,234,229,225,220,216,209,201,194,185,175,165,153,140,130,123,116,112,108,105,103,103,102,102,102,102,103,103,104,105,105,106,106,106,105,104,104,103,103,101,100,98,96,93,91,87,84,82,79,78,77,76,75,74,74,75,76,77,78,79,78,77,76,75,75,76,78,80,83,85,86,86,86,86,84,83,83,84,85,86,86,86,86,86,86,85,84,84,83,82,81,81,82,84,87,90,97,107,122,134,142,150,161,170,181,188,196,203,207,210,215,222,228,232,235,235
236,235,232,227,222,218,212,205,198,190,181,171,160,147,135,127,119,115,110,106,103,102,101,101,101,101,102,102,102,103,104,104,103,103,102,101,99,99,98,97,96,95,93,92,90,87,84,83,81,80,79,78,76,75,75,76,78,79,80,79,78,77,75,74,74,74,76,78,80,81,81,82,82,82,81,80,79,80,81,83,84,84,85,85,85,84,83,83,82,81,81,81,83,85,88,92,102,114,130,141,149,158,169,178,188,194,199,204,208,212,219,225,230,233,235,236
236,235,233,230,225,220,214,207,202,194,186,177,168,155,142,132,122,117,113,108,104,102,101,100,100,100,101,101,101,102,102,102,101,100,98,96,95,95,94,94,93,92,90,89,87,85,83,82,81,80,80,79,78,77,76,77,79,79,80,78,77,76,75,75,74,74,75,76,77,78,78,78,78,78,78,77,76,77,79,81,82,83,84,84,84,83,83,82,82,81,80,81,83,85,89,95,105,120,137,148,157,167,178,186,193,198,201,206,210,216,222,227,231,234,236,236
237,235,234,232,227,222,218,211,205,198,192,184,176,165,151,138,127,120,116,110,104,102,100,99,99,99,99,100,100,100,100,100,99,98,95,92,91,90,90,89,89,88,86,85,84,82,80,79,79,79,78,78,78,77,76,76,77,77,77,76,75,74,74,74,73,73,73,73,73,74,74,74,74,75,75,74,74,75,76,79,81,83,84,84,84,83,82,82,81,80,80,81,84,86,90,99,111,127,143,155,167,177,186,193,198,202,204,209,213,219,225,229,233,234,236,237
237,236,234,233,229,225,221,216,209,202,197,191,184,175,161,146,133,124,118,113,106,102,100,98,98,98,98,98,99,99,99,98,97,95,91,88,87,86,85,85,84,83,82,81,79,77,75,74,74,74,74,75,75,75,74,74,75,75,75,74,73,72,71,70,70,70,70,70,70,70,70,71,71,71,72,72,72,73,75,77,80,82,84,84,84,84,83,82,81,80,80,82,85,88,93,103,117,134,150,161,174,183,191,196,200,203,206,212,217,222,227,230,234,235,236,237
237,237,235,234,231,228,224,219,213,207,203,198,192,184,170,153,139,128,120,115,108,103,100,98,98,97,97,97,97,98,97,97,95,92,88,84,82,81,80,79,78,77,76,75,74,71,70,69,68,69,69,70,72,72,72,72,71,71,71,70,69,68,67,66,65,65,65,65,65,66,66,66,66,67,68,70,70,71,73,76,79,82,84,84,84,84,83,82,81,80,80,82,85,89,96,107,123,140,155,167,179,188,193,198,202,205,209,215,221,224,228,231,234,235,236,237
237,237,235,234,233,230,226,221,216,209,205,201,196,190,177,159,144,132,123,117,110,104,100,98,97,96,96,96,97,97,96,96,93,89,85,81,78,76,74,74,72,71,70,69,67,65,64,63,63,64,65,66,68,68,68,68,68,68,67,67,65,64,63,62,61,61,60,60,59,60,60,59,61,63,65,67,69,70,72,76,79,82,84,84,84,84,83,82,81,80,81,83,86,92,101,114,130,147,161,172,184,192,196,200,204,207,211,218,224,226,229,232,235,236,237,237
237,237,236,236,235,232,227,223,218,213,206,202,198,192,181,165,149,137,126,118,111,105,99,98,97,96,96,96,96,97,96,95,92,88,83,79,75,71,68,66,65,63,62,61,60,58,58,59,60,61,63,64,66,67,67,66,66,66,65,64,63,62,61,60,58,57,56,55,54,54,55,55,56,58,62,65,67,69,72,76,79,83,85,85,85,84,82,82,81,80,81,83,89,94,106,121,139,153,168,179,189,194,198,202,206,208,214,222,226,228,231,234,235,236,237,238
238,237,237,237,236,234,229,225,221,215,209,205,201,195,184,169,153,140,129,120,113,107,100,98,96,96,96,96,96,96,96,94,90,86,81,76,72,68,64,61,59,58,57,56,55,55,56,57,59,60,62,64,66,66,66,65,65,64,63,62,61,61,60,58,57,55,53,52,52,52,53,53,54,56,60,64,66,69,72,76,79,83,85,85,84,83,82,81,81,81,82,85,91,98,110,126,143,157,170,182,192,196,199,203,207,211,217,225,228,230,233,235,236,237,238,239
239,238,237,237,236,235,232,228,223,219,214,209,204,198,189,175,159,144,132,123,115,108,102,98,96,95,95,95,96,96,95,93,90,86,80,75,70,65,61,57,56,55,54,54,54,54,56,57,59,61,63,64,65,65,64,63,63,62,61,60,60,59,58,57,55,53,52,50,49,50,50,51,53,56,59,63,66,69,73,76,80,83,85,85,84,83,81,80,80,82,84,87,94,102,115,132,148,161,173,185,194,198,202,205,209,214,221,227,231,233,235,237,237,237,238,239
239,238,237,237,236,235,234,231,226,222,219,214,208,202,193,182,164,148,135,126,117,109,103,98,96,95,95,95,96,96,95,93,89,86,80,75,70,66,62,58,57,56,55,55,55,55,56,57,58,60,62,63,64,65,64,63,62,61,60,59,59,58,57,55,54,53,52,50,49,49,50,51,53,56,60,64,67,70,73,77,80,83,85,84,83,82,80,80,80,82,84,89,97,106,121,138,152,165,177,187,196,200,204,208,213,219,224,230,233,235,237,237,238,238,238,240
239,238,237,237,236,236,236,233,229,227,224,220,214,207,199,188,171,154,138,129,119,111,104,99,96,95,95,95,96,96,95,93,89,86,80,76,71,67,64,62,60,59,57,57,56,55,54,55,56,58,60,62,63,63,64,63,63,62,61,60,59,58,57,55,54,53,53,51,51,51,52,54,56,59,62,65,68,70,74,77,80,83,84,83,82,80,79,79,80,83,85,90,99,111,127,144,155,169,181,192,199,204,208,213,218,223,228,232,234,236,238,238,238,238,239,240
240,239,238,237,237,237,236,235,232,230,228,225,220,213,204,193,177,159,143,134,123,113,106,99,96,95,95,95,95,95,94,93,89,86,81,77,73,70,67,66,64,63,61,59,57,55,55,55,57,59,61,62,62,63,64,64,64,63,62,61,60,59,58,56,55,54,54,53,53,54,56,58,60,62,64,67,69,71,74,77,80,83,83,82,80,79,78,79,81,83,86,92,102,116,132,147,158,174,187,197,203,208,212,218,222,227,230,233,235,237,238,239,239,239,240,241
239,239,238,238,238,238,237,236,234,232,229,226,222,217,209,198,183,166,149,138,127,117,109,101,97,95,94,94,94,94,94,92,89,86,82,78,74,72,70,70,69,68,65,63,61,59,58,59,60,62,64,65,65,65,65,65,64,64,63,63,62,61,60,58,57,56,56,57,58,59,61,63,64,65,67,68,70,72,74,77,79,81,82,80,79,78,78,79,81,83,88,95,107,122,138,151,164,180,193,201,206,211,216,221,225,229,232,235,237,238,239,239,240,240,241,242
239,238,238,238,238,238,237,236,234,233,230,228,224,219,212,203,190,174,155,142,131,120,112,104,97,95,93,93,93,93,93,91,88,86,82,79,76,74,73,72,72,71,70,67,65,63,62,63,63,65,66,67,66,66,65,64,64,64,64,64,63,63,61,60,59,59,60,61,62,63,65,66,67,68,68,69,70,72,74,76,78,80,80,79,77,77,77,79,81,83,89,98,112,128,144,156,171,187,197,203,209,215,220,223,227,231,235,237,238,239,240,240,241,242,242,243
239,239,239,239,238,238,237,237,236,234,232,229,226,222,215,208,197,183,162,146,134,124,115,106,99,94,92,92,92,92,91,90,87,86,82,80,77,76,76,76,76,75,74,72,69,67,66,66,66,66,67,67,67,66,65,65,65,64,64,64,64,63,62,62,62,62,63,64,66,67,69,70,71,71,71,71,70,71,73,75,77,78,78,77,76,76,77,78,81,84,91,102,120,135,148,161,179,190,200,206,212,218,223,226,231,234,237,239,240,240,241,241,242,243,243,243
239,239,239,239,239,238,238,237,237,235,233,230,228,224,218,210,201,189,169,151,139,128,118,110,102,96,92,91,90,90,90,89,87,86,83,80,79,78,78,79,79,78,77,76,74,71,70,69,68,68,67,67,66,66,65,65,64,64,64,64,65,64,64,64,65,66,67,68,69,71,72,73,73,73,72,72,71,71,72,73,76,77,77,75,74,75,76,78,81,86,95,108,125,140,153,168,184,194,203,210,217,223,227,231,234,237,239,240,241,242,242,243,243,244,244,245
240,239,239,239,239,239,239,238,238,237,234,232,230,226,221,213,205,195,177,158,143,132,122,113,105,98,93,90,88,88,88,88,86,85,83,81,80,80,81,81,82,81,80,79,77,75,73,71,69,69,68,67,66,66,65,64,63,64,64,64,65,65,65,65,67,68,70,71,72,73,75,75,75,75,74,73,72,71,71,72,74,75,75,74,73,74,76,78,81,88,100,115,132,146,160,175,189,198,207,214,222,227,230,234,237,239,241,242,243,243,244,244,244,245,245,246
240,240,239,239,239,239,239,239,238,237,236,234,232,230,225,218,209,200,186,167,149,136,125,115,108,100,94,90,87,87,86,86,86,85,83,81,81,81,81,82,82,82,81,80,78,76,74,73,71,70,69,69,68,67,66,65,65,66,66,67,66,66,66,67,68,70,72,74,75,75,76,77,76,76,75,74,72,71,71,72,73,74,73,72,72,73,75,78,83,92,105,122,137,151,166,181,193,202,210,218,225,230,233,236,239,241,243,244,244,244,244,244,245,246,246,247
241,240,240,239,239,239,239,239,239,238,238,236,234,233,229,222,213,205,193,177,158,142,130,119,110,102,95,90,87,86,85,84,84,84,83,82,81,81,81,82,82,82,82,81,79,78,75,74,72,72,71,70,70,69,68,68,68,68,69,70,69,69,69,70,71,73,75,76,77,77,77,77,77,76,75,74,73,72,71,71,72,72,72,71,71,73,75,79,85,95,110,127,142,157,173,187,198,206,214,221,226,231,234,237,240,242,243,244,244,245,245,245,246,247,248,249
243,242,240,240,240,239,239,239,239,239,238,237,235,234,229,224,218,211,200,186,167,148,134,124,113,104,96,91,87,85,84,83,83,83,82,82,82,81,81,81,81,82,83,82,81,80,78,76,75,74,73,73,73,72,71,71,72,72,72,73,73,73,74,75,75,76,78,79,79,79,78,78,77,77,76,75,73,72,71,71,71,71,70,69,70,72,75,80,87,99,116,132,147,164,180,192,201,208,216,223,228,232,235,239,241,243,244,244,245,246,247,247,248,249,250,250
245,243,242,241,241,240,239,239,238,239,238,237,236,234,230,226,221,216,206,193,176,156,139,128,118,107,98,92,87,85,83,82,81,82,82,82,82,82,82,82,82,83,84,84,84,83,81,80,78,78,78,78,78,77,77,77,77,77,77,78,79,79,79,80,80,80,81,81,80,80,79,79,78,77,76,75,73,72,71,70,70,69,68,69,70,71,76,82,90,105,122,138,154,171,186,196,204,211,217,224,229,234,237,241,243,245,246,246,247,248,249,249,250,250,250,250
247,246,245,244,244,242,241,240,239,239,238,237,236,234,232,229,225,219,210,199,184,164,146,132,122,111,101,93,87,84,82,81,81,82,82,82,83,83,82,82,83,84,85,85,85,85,84,83,82,82,83,84,84,84,84,84,84,84,84,84,85,85,85,85,84,84,83,82,82,81,80,80,79,78,76,74,73,72,70,69,69,68,67,68,70,71,77,83,94,109,128,144,160,177,190,199,206,214,221,226,231,235,238,243,246,247,248,249,249,249,250,250,250,250,250,250
249,249,248,247,247,245,243,241,240,239,239,237,236,235,233,231,227,220,213,203,189,171,152,135,124,114,105,95,88,84,82,80,80,81,81,82,82,82,83,84,85,86,87,87,87,88,87,87,87,86,87,88,89,89,89,89,89,89,89,90,90,90,90,89,87,86,85,83,83,82,81,80,79,78,76,74,72,71,69,68,67,66,66,68,69,72,78,87,97,113,133,150,166,180,193,202,210,216,223,228,232,236,239,243,245,246,247,248,249,249,249,250,250,250,250,251
250,250,249,249,248,247,246,243,241,240,239,238,237,236,235,233,229,224,217,208,193,175,157,141,128,118,108,98,90,85,81,80,80,80,80,81,82,82,84,85,86,87,88,89,89,90,89,89,90,90,90,92,92,93,93,93,94,93,93,93,93,93,92,91,89,87,86,84,83,82,81,80,78,77,75,73,71,69,68,67,66,65,66,67,69,73,80,89,100,116,137,155,171,184,195,204,212,218,224,229,233,236,240,243,245,246,247,247,248,249,249,249,250,250,250,251
251,251,251,250,250,249,248,246,244,242,240,239,239,238,237,236,233,228,221,212,198,179,161,147,132,121,112,102,92,85,81,79,79,78,79,80,81,82,84,85,87,89,90,91,91,92,92,92,93,93,94,95,96,96,97,97,97,96,96,96,96,95,94,92,90,88,86,85,84,83,81,79,78,76,74,72,70,68,66,65,64,64,65,67,69,74,82,91,103,119,141,160,175,186,197,206,214,220,226,230,233,237,240,242,244,246,247,247,248,248,249,250,250,250,251,251
252,252,252,251,251,250,249,248,246,244,242,241,240,240,240,239,236,231,224,216,203,183,165,151,136,125,115,105,95,87,82,78,77,77,77,78,79,81,83,84,87,88,90,91,92,93,93,94,94,95,97,97,98,98,98,98,98,97,96,96,96,96,94,92,90,89,87,85,84,82,80,79,76,75,73,70,68,66,64,63,63,63,64,67,69,75,84,94,106,123,145,163,177,188,199,207,214,220,226,230,234,237,240,242,244,245,247,247,247,248,249,250,250,251,251,251
252,252,252,252,251,251,250,249,248,247,245,244,243,243,242,241,239,233,227,220,207,187,169,154,140,128,117,107,97,89,82,78,76,75,76,76,78,79,81,83,85,87,89,91,92,93,94,95,95,96,98,99,99,99,98,97,97,96,95,95,95,94,92,91,89,88,86,84,83,81,79,77,75,73,71,68,66,64,62,62,62,62,64,66,70,77,87,97,109,128,149,165,179,190,201,207,213,220,226,231,235,238,240,242,243,245,246,247,247,248,249,250,251,251,252,252
253,252,252,251,251,251,251,251,250,249,248,246,245,245,244,243,240,236,229,222,210,192,173,157,143,131,119,108,98,89,83,78,75,74,74,75,76,77,79,81,83,85,87,89,91,92,93,94,95,96,97,98,98,98,97,96,94,94,93,93,92,91,90,88,87,86,84,83,82,80,77,76,73,71,69,66,64,62,61,60,61,62,63,66,70,78,89,100,112,131,151,167,180,192,201,207,213,220,226,231,236,239,241,243,244,245,246,248,248,248,249,250,251,251,252,252
253,252,252,251,251,251,251,251,251,250,249,248,247,247,245,244,241,237,230,223,212,196,177,160,146,133,121,108,97,89,83,77,74,73,73,73,74,75,76,78,80,82,85,87,88,89,91,91,93,94,95,96,96,95,94,92,91,90,90,90,89,88,87,85,84,83,82,81,79,77,75,73,70,69,66,63,61,60,59,58,60,61,63,66,71,80,92,103,115,133,152,168,182,193,201,207,214,220,226,232,236,239,241,243,244,245,246,248,248,248,249,250,251,251,251,252
253,253,252,252,252,252,251,251,251,251,251,249,248,248,247,245,243,239,231,224,215,199,180,162,147,135,122,108,97,89,83,78,74,72,72,72,72,73,74,75,77,79,81,83,85,86,87,88,90,90,91,91,91,91,89,88,87,86,86,86,85,85,83,82,80,80,79,78,76,74,72,70,67,66,63,61,59,58,57,57,59,60,63,66,72,82,94,104,117,135,154,170,183,193,202,209,215,221,227,231,236,239,241,243,244,245,246,247,248,248,249,249,250,251,251,251
253,253,253,253,252,252,252,252,251,251,251,250,249,249,247,246,243,239,232,225,216,201,183,165,150,137,123,109,96,88,82,77,73,71,71,71,71,71,72,72,74,75,77,79,80,81,83,84,85,85,86,86,86,85,83,82,82,82,81,81,81,80,79,78,76,75,74,73,72,70,68,66,64,63,60,58,57,56,56,57,58,59,62,66,73,83,95,107,119,136,157,173,184,195,203,210,217,222,227,232,236,239,241,243,244,244,244,246,247,248,248,249,249,250,251,251
253,253,253,253,253,253,252,252,252,252,251,250,250,249,248,247,243,239,233,226,216,201,184,167,152,139,125,110,97,89,82,77,72,70,69,69,69,69,70,70,71,72,73,75,76,77,79,79,80,81,81,81,81,80,79,78,78,78,77,77,77,76,75,74,73,72,70,69,68,66,65,63,62,61,59,57,56,56,55,56,58,59,63,67,74,84,96,108,120,137,157,173,184,196,205,211,217,221,226,231,236,239,241,243,244,244,245,245,246,247,248,248,249,250,251,252
253,253,253,253,253,253,253,253,253,252,252,250,250,249,248,247,244,239,233,226,217,203,185,168,154,141,127,112,99,89,82,77,72,69,68,67,67,67,68,68,68,68,69,70,71,72,73,74,74,75,75,75,75,74,74,73,73,73,73,73,72,72,70,69,68,67,66,65,64,63,61,60,59,58,57,56,55,55,55,55,57,59,64,69,76,86,98,109,122,138,157,174,185,196,205,211,216,220,225,230,235,239,241,243,244,245,245,245,245,247,248,248,249,250,251,251
253,253,253,253,253,253,253,253,253,253,252,251,250,250,249,248,245,240,234,226,217,204,186,169,156,143,130,115,101,91,83,77,72,69,67,66,66,66,66,66,66,66,66,66,67,68,68,69,69,70,70,70,70,70,69,68,68,68,68,68,68,67,66,65,64,63,62,61,61,60,59,58,57,56,55,54,54,53,54,54,57,60,64,70,77,87,99,110,122,139,158,174,186,197,205,211,216,220,224,229,234,238,241,243,244,245,245,245,245,246,247,248,249,250,250,251
253,253,253,253,253,253,253,253,253,253,253,252,251,250,249,249,246,241,234,227,218,205,188,170,156,144,131,117,104,92,84,78,73,69,67,65,64,64,64,64,64,64,64,64,64,64,64,64,65,65,65,65,65,65,65,64,64,64,64,64,63,63,61,61,60,59,59,58,58,57,56,55,55,54,53,52,52,53,53,55,57,60,65,71,78,89,100,111,123,140,158,175,186,197,205,211,216,220,223,228,233,237,240,242,244,244,245,245,245,245,247,247,248,249,250,250
253,253,253,253,253,253,253,253,253,253,252,252,251,251,250,249,247,242,235,227,219,207,189,171,157,145,133,119,106,94,85,79,73,70,67,65,63,62,62,61,62,62,62,62,61,61,61,61,61,61,61,61,62,62,61,61,61,60,60,60,60,59,58,58,57,57,56,55,55,55,54,53,53,52,52,51,52,52,54,55,58,61,67,72,80,90,101,112,124,140,158,175,186,197,205,211,216,220,223,227,232,237,240,242,243,244,245,245,245,245,246,247,248,248,249,250
253,253,253,253,253,253,253,253,253,253,252,252,251,250,250,249,247,243,236,228,220,208,190,173,158,147,134,121,109,96,87,80,75,71,68,65,63,62,60,60,60,60,59,59,59,59,59,59,58,58,58,58,58,58,58,58,58,58,57,57,56,56,56,55,55,54,53,53,53,52,52,51,51,51,51,51,51,52,54,56,59,63,68,74,82,92,103,112,124,141,159,174,186,197,205,211,216,220,222,226,231,236,240,242,243,244,244,244,245,245,246,246,247,248,249,250
253,253,253,253,253,253,253,253,253,253,253,252,251,250,249,249,247,243,236,228,220,209,192,174,160,149,136,123,111,99,89,82,77,73,69,66,64,62,60,59,58,58,57,57,57,57,56,56,56,56,56,56,56,55,55,55,55,55,54,54,54,54,53,52,52,51,51,51,51,51,50,50,50,50,50,51,52,53,54,56,60,64,70,75,83,93,104,113,125,141,159,174,186,197,205,211,216,221,223,226,231,235,239,242,243,244,244,244,245,245,245,246,247,248,248,249
253,253,253,253,253,253,253,253,252,252,252,251,250,250,249,248,247,243,236,229,221,209,192,176,162,150,138,125,114,101,91,84,78,74,71,68,65,62,60,59,58,57,56,55,55,54,54,54,54,54,54,54,54,53,53,53,53,53,53,52,52,52,51,51,50,50,50,49,49,49,49,50,50,50,50,51,52,53,56,58,62,65,71,77,84,94,105,113,125,142,159,173,185,196,204,210,216,220,223,226,230,234,238,241,243,243,243,244,244,244,245,245,246,247,247,248
253,253,253,253,253,253,252,252,252,252,252,251,250,250,249,248,247,243,236,230,221,209,193,177,163,152,139,126,115,104,93,85,80,76,73,70,67,64,62,60,58,57,55,55,54,53,53,53,53,53,53,53,52,52,52,51,51,51,51,51,51,51,50,50,49,49,49,49,48,49,49,50,50,50,51,51,52,54,57,59,63,67,73,79,86,95,105,114,126,142,159,173,185,196,204,210,216,220,223,225,229,234,238,241,243,243,244,243,244,244,244,245,246,247,247,248
253,252,252,252,252,252,252,252,252,252,252,251,250,250,249,248,247,243,236,230,222,210,194,178,164,153,141,128,117,106,96,88,82,78,75,72,69,66,63,61,59,57,56,55,54,53,52,52,52,52,52,52,51,51,51,50,50,50,50,50,50,50,49,49,49,49,49,49,49,49,50,50,50,51,52,53,54,56,59,61,65,69,75,81,87,95,105,115,127,143,159,173,185,196,204,211,217,220,223,226,229,233,237,240,242,243,243,243,243,244,244,244,245,246,247,247
252,252,252,252,252,252,252,252,252,252,252,251,250,250,249,248,247,243,237,231,223,211,194,178,165,153,142,130,119,109,100,92,85,80,77,75,72,69,65,63,60,59,57,56,55,54,53,53,53,52,52,52,52,51,51,51,51,51,51,50,50,50,49,49,49,49,49,49,50,50,51,51,51,52,53,54,56,58,61,64,67,71,77,83,89,96,106,116,128,143,159,173,185,196,204,211,216,220,223,226,229,233,236,239,242,243,243,243,243,243,243,244,244,245,246,246
252,252,252,252,252,252,251,251,251,251,251,251,250,249,248,248,246,243,237,231,224,212,196,179,165,153,143,131,120,111,102,95,88,83,79,77,75,72,68,65,62,60,58,57,56,55,54,54,53,53,53,53,53,52,52,52,52,52,51,51,51,50,50,50,50,50,50,50,50,51,51,51,52,53,54,56,57,60,63,66,69,73,78,84,90,97,107,117,129,144,159,173,185,196,204,211,216,219,223,226,229,232,236,238,241,242,243,242,242,242,243,243,243,244,245,246
251,251,251,251,251,251,251,251,250,250,250,250,250,249,248,247,246,243,238,232,225,214,197,180,165,154,144,132,122,113,105,98,91,85,81,79,77,74,71,68,65,63,60,58,57,56,55,54,54,54,54,53,53,53,53,53,52,52,52,51,51,51,51,51,51,50,50,51,51,51,52,52,53,54,56,58,60,62,65,68,71,75,80,85,91,98,108,118,129,144,159,172,185,196,204,211,216,219,223,226,229,232,236,238,240,242,242,242,242,242,242,242,243,243,244,245
251,251,251,251,251,250,250,250,250,250,250,250,250,250,248,247,246,243,239,232,225,214,198,181,167,155,145,134,123,115,108,101,94,88,83,81,79,77,74,71,68,65,62,60,59,58,56,56,55,55,55,55,54,54,54,54,53,53,53,52,52,52,52,52,51,51,51,51,52,52,53,53,55,56,58,60,62,65,68,70,74,77,82,86,92,99,110,120,130,145,159,172,184,195,204,211,216,219,222,225,228,232,235,238,241,242,243,242,242,241,241,241,242,242,243,244
251,251,251,251,251,251,251,250,250,250,250,250,251,250,249,248,246,244,239,233,226,215,200,182,168,156,146,135,124,116,110,104,97,90,86,83,81,79,76,74,71,68,65,62,61,59,58,57,56,56,56,55,55,55,55,55,55,54,54,53,53,53,52,52,52,52,52,52,52,53,54,55,57,58,60,63,65,67,70,72,76,79,83,87,93,100,111,121,131,145,159,171,184,195,204,211,217,219,222,225,228,232,235,238,241,242,243,243,243,242,242,241,242,242,242,244
251,251,251,251,251,251,250,250,250,250,250,250,250,250,249,248,247,244,239,234,226,216,201,184,171,158,147,135,125,117,111,108,101,94,89,85,82,81,79,77,74,71,68,65,63,61,60,59,58,58,57,57,57,56,57,57,56,56,56,55,55,54,54,54,53,53,53,54,54,55,56,57,60,61,63,65,67,70,72,74,77,80,84,88,94,102,112,121,132,146,159,172,184,195,204,212,217,220,223,225,228,232,235,237,240,243,244,244,244,244,243,243,243,242,242,243
249,249,248,248,248,248,248,248,247,247,248,248,248,248,248,247,245,243,238,233,225,215,199,182,170,157,146,134,123,115,109,106,101,94,89,84,81,80,78,76,75,72,70,67,65,64,63,62,62,61,61,61,60,60,60,61,60,60,60,59,59,58,58,57,57,57,57,57,58,59,60,61,62,63,65,66,68,70,72,74,76,78,82,86,92,101,111,120,130,144,157,170,182,193,202,209,214,218,221,223,226,229,232,234,237,239,241,241,241,241,241,241,241,241,241,241
